14.99
15.13
14.02
12.87
15.45
14.91
18.21
18.50
16.16
9.31
14.23
18.34
15.45
18.56
14.14
18.34
10.73
14.83
14.54
13.32
18.31
18.85
10.78
17.27
15.57
19.01
17.24
10.35
19.11
20.66
16.73
11.38
10.88
9.65
10.41
12.64
11.59
14.43
8.53
17.09
15.39
14.38
14.38
9.59
11.64
11.77
11.34
12.46
12.87
9.74
14.37
14.17
12.05
13.28
13.62
13.35
17.71
17.71
14.97
13.97
11.85
13.67
10.64
16.34
15.75
15.16
9.98
9.77
17.05
19.25
17.05
15.99
17.11
16.32
12.67
18.50
14.66
19.97
10.82
16.33
18.96
18.96
14.60
20.11
10.87
18.99
15.61
14.31
11.76
18.99
18.72
16.45
17.56
14.13
13.63
16.26
15.74
14.34
10.85
17.71
15.79
16.70
16.58
17.56
10.41
14.75
18.34
15.93
18.05
15.85
10.08
16.89
16.89
20.11
15.59
11.37
16.77
17.02
14.98
18.08
18.08
15.67
17.72
17.38
10.69
14.54
14.40
15.01
14.25
19.25
16.52
15.18
13.61
13.61
14.97
9.98
17.35
12.34
19.69
17.72
17.68
14.08
13.70
13.04
12.25
17.24
13.19
19.95
10.62
10.62
17.75
15.29
16.29
13.07
13.99
16.92
16.52
17.86
13.84
14.78
14.35
14.11
16.28
13.52
14.99
18.15
19.95
10.70
17.22
17.33
15.99
18.99
18.16
20.36
12.96
10.80
18.31
17.35
19.41
14.98
19.25
17.33
11.11
12.65
11.51
16.51
15.70
14.19
10.80
16.30
19.65
14.25
15.50
15.88
11.89
16.14
16.50
16.77
20.10
12.43
17.33
19.69
14.80
20.11
19.95
16.77
17.01
18.56
17.54
18.84
16.48
19.94
17.58
13.36
11.68
15.64
16.85
12.53
18.37
12.20
15.45
17.27
18.08
17.80
18.84
16.88
16.55
16.93
19.25
15.49
15.01
15.58
13.53
11.85
16.48
16.48
10.05
12.15
15.12
14.04
15.18
15.20
15.91
15.61
14.06
16.70
17.01
17.14
17.29
16.98
16.85
10.55
13.77
15.16
16.03
12.43
12.76
14.65
13.11
20.11
19.25
11.83
16.34
15.47
10.25
16.06
15.54
18.50
13.70
17.23
14.42
14.37
12.06
12.41
14.16
19.00
16.98
18.31
17.87
15.55
14.83
11.29
16.34
17.27
18.99
13.78
17.80
13.98
13.86
15.77
14.10
20.11
18.99
17.33
17.64
14.77
14.97
10.52
14.82
14.42
16.34
12.05
16.28
13.33
11.15
18.72
19.66
19.66
14.42
18.27
12.56
18.56
15.50
17.54
15.31
10.78
17.05
14.53
17.46
15.57
16.47
17.17
17.17
15.35
19.95
16.65
16.61
16.45
17.35
17.02
9.32
10.75
13.38
19.41
12.58
11.68
10.52
16.36
11.21
16.77
10.86
12.07
16.13
20.11
15.16
14.19
17.22
15.00
15.92
18.30
10.38
9.97
10.37
17.87
18.85
16.42
9.20
9.89
9.89
17.47
10.54
11.01
19.25
17.01
14.22
18.56
18.99
17.33
13.04
15.55
11.72
18.99
18.50
14.76
14.77
14.84
16.82
10.85
10.85
12.15
9.41
16.51
13.56
13.29
14.71
14.93
18.56
12.36
14.34
20.60
14.46
14.81
19.06
14.53
12.66
16.34
14.49
17.97
17.70
16.67
13.83
13.64
14.22
15.00
13.97
13.30
13.30
9.99
15.20
18.85
19.41
16.26
15.13
12.52
16.54
13.81
20.11
13.44
12.29
18.99
13.58
17.87
15.24
15.08
16.13
17.11
11.77
13.59
13.59
18.96
13.23
13.23
15.34
14.80
16.48
16.62
13.15
16.21
18.96
19.66
13.19
13.81
18.66
15.30
13.29
13.29
14.44
20.11
11.00
10.39
11.80
18.03
16.54
12.09
13.08
18.14
18.31
15.33
20.11
13.57
14.61
19.06
18.85
18.30
12.90
18.96
10.50
18.50
12.25
11.29
11.64
10.70
12.65
15.61
13.54
17.58
14.50
17.35
18.33
15.80
17.33
15.27
17.61
10.46
10.46
19.25
15.81
15.59
17.09
13.34
15.80
17.80
15.28
17.27
13.81
20.66
14.22
16.01
12.75
18.50
14.57
15.32
16.07
16.30
20.66
16.87
16.61
16.61
12.60
12.07
12.46
10.48
17.02
13.82
14.96
15.16
16.53
17.86
10.89
20.11
16.50
12.68
13.18
12.69
18.99
20.11
17.47
10.70
11.02
15.55
19.25
18.85
16.21
14.18
10.07
15.05
19.01
13.02
12.82
16.98
16.13
15.57
16.26
17.46
16.89
16.97
18.50
19.41
16.88
16.30
15.34
16.85
18.31
15.96
20.11
17.71
17.80
16.35
15.45
14.97
16.93
16.13
18.03
16.36
15.65
9.38
17.01
16.71
16.37
16.36
11.61
20.11
19.01
14.58
17.17
18.00
17.87
14.93
12.74
13.94
16.95
17.11
11.19
18.59
15.59
16.91
16.61
20.11
15.04
13.37
14.70
15.56
12.87
17.46
15.12
18.08
12.52
11.81
19.76
20.11
19.66
14.99
9.45
19.25
13.35
11.63
11.32
13.24
16.52
18.72
18.56
15.53
12.76
17.06
11.37
15.88
20.11
14.88
20.36
16.89
15.89
9.75
13.94
14.06
10.17
18.34
16.77
13.27
15.72
18.00
13.81
15.90
15.61
14.15
14.75
16.37
14.38
10.25
17.87
19.41
16.15
19.01
20.66
14.61
13.60
15.70
13.13
12.56
10.54
13.94
19.95
20.11
14.30
15.58
14.97
16.48
14.97
13.24
17.87
17.11
11.87
16.16
13.18
10.54
13.89
18.31
11.28
13.84
14.81
17.40
16.43
18.72
11.14
12.52
15.25
17.55
14.98
12.11
10.75
10.75
10.99
15.23
19.95
9.75
10.34
17.80
18.50
14.70
10.95
12.09
12.09
16.87
17.54
20.50
17.80
15.89
18.27
18.27
17.09
12.41
14.98
17.91
20.10
11.65
17.72
19.41
18.90
17.91
11.11
14.07
8.72
17.03
7.35
8.41
9.41
18.28
7.37
12.87
8.14
8.71
13.14
7.17
9.29
9.54
19.19
14.86
8.79
9.29
8.60
12.11
11.60
6.68
5.77
17.30
19.13
12.14
19.83
11.44
19.88
11.60
5.24
6.02
18.72
7.90
18.79
10.88
6.31
15.47
19.42
7.46
8.27
8.27
8.56
7.17
6.09
6.35
10.34
9.25
9.29
10.97
10.71
7.80
7.87
17.88
8.60
11.04
9.65
7.89
7.46
15.83
15.83
9.65
9.20
11.44
19.83
7.64
12.10
14.87
10.63
12.85
11.59
6.36
6.36
18.28
7.89
9.41
11.41
8.60
15.02
7.22
8.41
7.39
7.39
13.98
10.63
5.83
5.83
6.48
8.76
9.10
15.12
15.58
15.68
8.85
12.05
8.03
6.77
7.62
8.31
15.12
6.33
7.64
6.64
8.41
14.82
11.60
9.29
19.13
12.15
18.72
10.35
11.44
13.07
6.69
7.50
10.65
9.79
8.51
18.47
11.32
16.94
16.64
10.78
13.81
5.40
8.96
9.10
6.33
18.03
15.17
14.47
17.51
10.13
11.04
9.71
10.99
8.60
13.30
11.70
12.88
11.41
8.56
7.17
7.17
5.24
11.54
6.69
10.73
7.71
7.35
9.06
10.58
7.72
9.20
6.00
8.76
7.97
8.99
8.60
8.72
14.89
9.24
7.90
5.85
7.16
7.49
11.44
14.48
12.92
7.01
9.45
8.15
8.56
19.42
11.98
6.57
12.14
6.91
15.12
5.38
14.87
7.90
15.01
14.09
14.09
10.17
15.20
14.80
8.58
13.80
13.00
10.65
7.88
11.07
18.21
6.57
7.40
9.49
9.18
13.00
12.21
14.48
16.36
16.36
8.05
7.25
19.15
18.88
14.09
15.10
8.95
10.74
11.11
11.14
17.27
14.25
16.00
14.06
13.03
14.39
10.54
15.00
18.72
13.81
12.63
9.02
13.46
11.11
13.39
11.14
8.92
14.51
17.34
17.34
14.85
12.30
9.74
14.85
8.70
9.93
10.19
11.84
11.14
19.15
18.54
10.85
10.55
11.32
12.02
16.28
10.61
10.11
10.51
18.03
15.45
9.17
9.31
12.48
10.93
16.93
16.49
9.79
11.65
13.73
10.07
15.55
12.59
8.16
11.38
11.68
15.20
10.10
17.34
11.25
7.89
9.74
18.72
17.62
14.65
13.01
15.55
12.92
19.15
18.69
11.71
15.36
13.60
8.47
8.62
19.15
18.72
9.31
6.49
16.64
13.29
12.25
12.25
14.85
9.83
13.04
14.39
7.91
8.39
14.93
8.38
12.99
8.15
8.15
14.39
17.88
8.66
10.84
11.08
8.31
15.20
13.29
11.96
18.41
8.85
6.33
11.62
12.60
15.20
18.72
9.71
10.30
12.70
17.34
12.48
14.39
15.02
8.06
7.89
10.91
14.10
7.92
16.24
8.93
15.80
9.26
13.29
13.70
6.71
15.29
11.61
11.69
18.20
10.56
11.28
18.54
11.91
13.48
18.69
14.39
5.97
8.32
18.85
9.11
18.19
15.10
9.08
19.10
12.99
14.33
15.55
18.44
15.96
17.51
9.41
10.52
17.84
13.54
14.85
14.39
18.72
9.31
19.16
9.78
8.36
8.63
19.15
14.39
8.22
8.22
15.55
9.34
11.04
11.31
9.76
12.73
9.65
14.39
12.19
10.67
11.39
6.86
9.71
6.63
6.63
6.63
9.90
12.50
10.79
8.36
14.06
19.14
10.24
11.11
13.60
11.50
15.23
9.40
18.72
9.64
14.65
9.65
9.71
9.69
19.16
14.09
10.96
13.44
13.89
11.10
13.08
13.93
10.23
16.48
14.91
14.91
14.91
14.91
10.98
13.40
14.10
14.10
16.89
8.69
10.16
14.81
17.51
11.34
14.18
13.89
9.37
8.75
14.83
13.64
15.24
14.65
11.77
16.77
11.88
15.73
11.77
13.88
13.41
13.40
13.74
17.46
9.54
13.44
16.48
16.48
16.47
13.27
12.58
9.30
14.06
11.85
14.24
11.69
14.19
18.96
12.76
12.71
16.24
14.17
14.17
14.37
12.56
14.98
15.56
11.48
16.32
18.49
9.77
9.69
10.77
15.38
16.55
14.47
13.89
14.28
11.73
13.24
17.62
12.56
8.62
13.72
18.56
16.42
12.27
9.64
15.85
13.96
16.41
11.46
13.27
11.88
14.74
11.88
10.43
12.37
8.76
14.67
15.58
14.81
12.67
15.12
13.68
16.12
14.91
11.57
8.47
14.82
15.46
15.24
17.17
16.01
16.25
17.45
9.72
12.97
17.11
12.76
12.11
18.03
12.56
16.08
14.49
14.49
9.51
18.80
17.11
12.16
13.66
16.00
15.14
10.61
15.34
11.65
11.77
12.56
13.89
14.06
11.29
11.87
9.32
13.40
17.37
11.28
16.41
10.04
11.63
13.02
9.83
12.34
12.50
14.10
8.28
13.50
11.46
14.14
9.28
9.23
11.76
12.27
9.88
14.75
16.77
10.40
12.34
14.70
13.80
15.41
15.17
16.92
12.46
12.63
16.08
10.28
10.15
14.10
13.53
11.05
16.08
11.20
13.46
13.38
12.48
8.98
12.31
12.31
13.58
9.84
10.83
16.67
15.32
14.91
13.85
16.00
16.24
16.48
12.26
13.89
17.26
12.39
10.76
13.72
12.73
15.38
15.38
10.55
10.55
13.16
16.08
12.84
9.39
16.66
16.66
12.91
14.83
14.56
9.64
9.90
15.82
10.74
10.81
13.89
14.10
12.48
15.67
14.33
8.87
12.19
12.19
11.58
12.98
13.93
11.88
18.30
13.89
15.24
14.44
11.04
14.17
13.77
9.38
13.56
16.19
11.58
12.12
10.68
16.16
16.58
13.89
9.36
9.73
12.02
17.62
12.93
10.81
14.78
17.58
13.40
10.72
14.21
14.10
15.31
18.72
17.26
9.97
14.31
13.77
13.40
10.80
11.61
18.96
12.52
17.17
18.03
9.64
11.57
15.46
12.98
13.71
11.31
9.84
16.88
10.76
11.53
12.10
13.33
18.71
16.00
13.05
11.96
11.13
10.38
15.38
8.28
11.13
13.62
11.70
14.97
14.92
16.08
14.10
14.10
10.50
14.68
16.25
15.97
16.66
16.66
14.01
15.05
15.66
15.27
15.27
16.39
16.32
16.32
13.70
11.72
18.02
10.66
17.55
12.11
13.69
17.02
13.72
15.92
13.31
14.73
17.62
15.07
17.90
16.23
10.39
10.39
14.29
15.52
10.66
11.28
11.28
17.32
14.33
15.26
10.23
14.57
14.57
18.47
8.52
8.52
17.96
10.57
10.57
16.29
15.83
15.37
15.01
19.16
8.14
17.90
11.16
16.86
18.82
15.37
16.60
16.92
10.33
10.33
11.92
11.92
9.67
14.54
15.41
16.92
15.74
12.80
15.68
12.79
15.13
13.69
17.71
18.47
11.74
9.68
11.20
13.10
13.08
17.37
17.78
17.39
16.41
16.41
14.81
15.27
11.17
16.92
16.23
16.97
14.78
17.90
11.69
17.36
11.60
14.64
12.00
19.00
10.34
17.47
15.29
12.35
15.91
15.27
16.33
17.21
13.65
13.20
12.19
17.62
12.05
11.56
11.25
15.06
16.08
19.83
13.91
16.17
12.36
17.78
14.67
14.19
13.76
18.71
16.60
17.90
8.83
15.91
15.14
13.25
9.45
12.66
17.08
16.66
16.78
13.02
13.96
13.01
15.60
13.69
12.88
15.48
18.47
17.33
11.57
19.00
17.39
17.36
16.07
15.31
16.68
14.58
11.23
15.76
12.36
15.83
14.20
15.42
10.90
16.56
13.70
17.62
16.11
16.44
17.21
15.96
15.07
17.62
16.07
11.23
11.14
19.16
16.32
16.32
17.39
18.82
15.82
17.13
15.07
10.62
14.32
9.45
18.06
12.37
11.44
18.31
12.91
15.21
14.04
16.06
19.00
13.05
11.61
15.25
16.97
15.21
16.80
15.06
15.67
16.52
13.32
16.17
16.37
15.32
11.63
19.00
15.86
17.12
16.51
15.67
17.55
16.22
19.16
16.27
16.52
19.16
12.73
17.22
18.05
17.78
17.78
17.21
8.99
17.78
13.64
13.35
16.66
11.01
15.42
14.82
11.31
12.67
18.16
17.13
15.91
15.48
17.40
15.91
16.11
16.07
15.23
10.42
13.83
13.83
11.95
19.16
9.45
11.14
15.91
12.54
10.94
16.97
17.55
17.62
16.04
8.76
17.62
13.78
16.97
19.83
15.81
15.01
13.89
11.68
15.62
10.80
18.02
18.02
18.31
16.66
9.45
9.45
12.22
11.35
15.82
9.90
9.90
10.97
7.42
14.38
17.43
8.90
16.44
15.92
13.94
16.78
15.16
15.16
15.83
11.08
14.21
16.08
13.66
12.17
15.72
15.03
11.36
16.02
16.41
17.62
16.17
14.64
11.67
11.44
10.40
10.40
15.26
14.60
16.23
12.40
16.64
11.12
16.62
16.70
15.24
17.90
15.42
12.80
14.99
17.12
15.05
14.04
13.44
17.62
16.32
16.32
15.54
15.54
16.11
14.91
20.13
13.76
10.18
20.13
10.35
15.13
17.77
16.07
17.21
16.52
14.09
19.00
11.41
16.61
16.71
19.83
18.05
17.62
11.68
13.53
13.53
14.68
12.41
15.37
16.35
10.02
16.32
15.98
16.44
15.98
13.59
15.83
9.45
12.35
12.86
11.15
11.15
11.79
16.51
15.15
17.72
15.01
14.66
17.72
10.88
16.44
15.12
15.97
13.54
17.62
17.90
12.62
15.91
12.92
15.83
19.00
19.83
19.16
12.76
13.40
17.43
14.94
17.33
20.13
18.50
14.60
14.84
17.55
13.51
15.81
16.76
8.98
15.91
15.82
8.42
13.09
17.47
16.44
15.25
13.58
16.74
15.96
17.39
13.31
16.51
15.88
9.97
16.42
15.27
14.91
14.93
10.82
15.61
15.78
11.97
16.92
17.08
13.47
16.35
15.96
15.03
10.69
15.83
13.46
17.62
15.66
16.39
16.86
13.63
15.12
12.63
12.03
17.21
16.74
16.23
14.25
16.23
15.38
14.32
16.58
15.81
17.21
15.97
15.81
11.73
17.47
14.43
12.22
16.97
12.56
14.28
14.84
18.74
10.44
16.89
16.08
15.06
12.10
17.39
11.34
17.55
15.06
14.34
15.05
16.77
16.92
17.21
11.95
17.62
14.90
17.21
16.64
15.12
12.42
13.80
13.00
15.83
16.52
18.50
15.56
16.35
19.83
15.91
15.50
14.54
14.54
17.08
15.83
12.91
17.78
17.08
10.36
12.06
10.00
18.16
17.39
19.00
10.84
15.94
15.99
14.17
14.50
18.02
18.02
16.26
13.50
13.78
16.74
12.68
15.89
14.21
11.63
17.40
15.37
16.52
14.11
16.08
16.08
17.47
12.90
10.92
16.07
16.29
15.91
15.83
12.32
16.81
17.40
17.39
14.25
14.25
15.08
14.17
16.08
17.62
17.11
12.25
10.50
15.04
16.04
18.71
14.73
17.02
14.09
14.09
15.68
18.74
14.65
16.62
17.13
10.14
11.01
15.81
13.19
12.71
13.86
15.91
15.91
12.45
16.92
14.15
12.68
13.63
18.50
17.78
16.80
15.91
19.00
17.78
19.16
16.92
16.32
16.29
11.97
19.00
9.45
11.91
10.67
13.21
7.53
17.65
15.07
14.32
15.54
16.22
10.29
15.06
9.55
18.31
11.71
15.57
13.91
10.40
10.40
16.62
18.31
18.31
15.31
11.34
7.80
8.17
17.36
15.25
9.94
13.92
8.74
10.66
5.24
18.05
7.54
11.12
10.88
10.88
17.65
15.71
11.33
11.53
7.25
20.01
15.81
10.44
19.96
9.57
9.14
7.98
9.78
7.51
6.33
9.33
7.29
7.93
12.35
6.68
15.96
7.53
11.84
11.11
7.64
5.85
9.30
9.30
14.09
7.92
18.16
14.95
7.80
14.95
17.47
9.49
19.71
6.26
16.20
9.90
8.22
14.95
10.31
17.84
8.82
7.73
6.92
13.31
7.94
8.23
15.02
6.72
18.92
7.98
13.15
8.33
20.01
12.46
15.12
18.84
8.14
7.75
17.81
16.96
7.62
19.71
16.73
8.39
8.38
15.98
6.29
6.72
12.90
7.64
8.39
18.54
14.26
8.20
6.85
6.84
6.76
8.39
7.10
8.22
9.33
9.90
18.91
11.99
7.34
18.05
9.28
18.91
14.17
9.07
11.29
9.14
8.83
7.90
13.64
11.53
7.71
6.76
15.96
6.76
7.38
6.76
14.10
7.54
12.92
10.89
18.75
11.36
9.23
17.36
15.96
11.35
8.64
15.25
13.50
15.71
17.43
9.09
9.07
8.80
8.80
8.74
14.15
18.23
19.71
5.91
7.67
11.33
7.30
16.10
7.53
14.10
7.41
9.90
9.90
9.78
6.25
18.22
14.68
6.62
7.79
8.39
8.80
9.52
15.01
13.70
12.11
7.39
13.20
8.39
6.75
15.71
18.10
6.18
11.97
10.80
14.46
19.03
10.80
12.05
19.96
8.03
6.09
6.88
8.80
18.75
14.06
5.72
9.90
19.86
7.60
8.52
11.99
11.70
11.70
10.95
10.95
11.50
12.40
15.47
10.21
16.63
11.83
7.74
8.99
9.38
14.16
9.95
11.56
11.56
14.62
6.43
9.90
15.71
9.34
5.74
12.75
9.46
7.93
10.74
17.32
12.66
10.81
8.25
13.15
10.96
17.77
11.51
14.14
7.53
10.27
18.21
13.45
17.36
18.22
13.47
6.84
9.01
12.05
13.45
15.87
11.11
9.73
10.50
17.35
8.99
9.08
9.08
13.47
13.47
9.02
13.58
17.61
8.57
12.76
12.50
14.01
7.84
13.91
12.25
11.06
11.06
10.25
8.13
7.99
15.56
13.49
9.50
13.06
11.76
12.15
17.32
12.14
12.81
13.20
9.75
18.21
14.84
12.80
12.27
11.30
10.28
16.51
10.71
13.91
11.56
17.32
17.32
9.65
9.02
8.97
8.97
13.15
15.83
14.87
12.76
12.54
14.26
9.66
8.66
14.87
12.84
14.16
10.74
15.53
16.22
16.22
7.65
9.25
13.10
12.28
10.11
10.11
10.50
6.15
8.00
8.79
12.03
13.32
8.11
10.93
14.64
13.61
7.85
11.38
12.75
10.21
16.20
18.24
10.47
15.00
11.47
13.31
15.87
12.32
14.87
14.72
15.50
8.83
10.07
12.97
10.82
12.03
11.01
9.91
15.94
12.41
13.58
14.92
13.97
13.02
13.10
14.35
14.35
11.45
9.97
13.85
9.79
10.45
14.98
7.72
12.55
13.92
18.24
6.87
8.82
16.63
16.20
15.41
11.58
14.64
15.35
19.45
10.19
11.71
11.96
14.37
12.47
16.88
17.55
18.18
8.67
11.58
12.55
14.64
15.02
7.99
13.08
15.92
15.36
12.44
12.44
14.28
14.56
14.28
15.16
16.04
8.17
12.97
11.08
14.29
18.02
10.77
10.77
14.43
14.20
9.78
12.54
13.62
10.63
14.49
9.18
9.83
11.84
17.30
18.69
17.30
14.44
15.64
14.44
10.08
15.76
14.84
15.28
12.22
19.20
18.69
15.28
15.56
11.79
13.40
15.20
14.38
14.68
14.04
17.59
15.35
12.47
12.95
15.86
14.60
15.22
10.72
15.98
17.17
13.58
12.49
11.48
17.24
11.40
9.97
11.74
10.82
16.20
14.18
18.24
13.96
12.50
18.24
9.43
10.20
8.24
9.17
17.30
13.88
15.35
10.97
15.43
12.03
9.47
17.43
12.64
18.69
17.43
13.04
15.27
18.69
16.63
16.63
12.35
18.18
10.78
11.73
15.22
11.32
16.08
10.12
12.25
14.46
9.50
14.41
13.19
12.07
16.03
9.43
14.65
13.91
12.71
17.43
10.68
13.05
15.45
16.23
8.82
14.69
12.57
14.15
14.72
14.66
12.54
14.88
7.89
15.47
15.47
14.98
8.59
15.05
10.56
14.37
16.95
14.39
15.56
12.07
15.20
12.23
13.96
18.81
15.76
15.76
8.77
14.50
14.81
14.03
7.10
12.78
13.87
16.88
18.69
19.50
15.18
13.57
15.20
14.68
14.87
16.04
11.26
8.87
14.64
13.90
14.70
15.76
16.33
10.16
17.17
19.20
13.74
12.26
14.48
12.28
15.56
11.97
10.08
14.49
17.69
7.47
12.44
11.49
14.68
17.24
15.18
9.83
13.49
18.27
9.42
9.42
17.34
13.33
13.33
15.15
15.15
15.37
13.82
7.79
18.34
16.85
11.08
12.78
10.47
15.35
14.38
15.61
14.35
10.30
11.37
17.83
10.71
14.08
13.10
14.69
13.91
16.29
16.24
14.00
16.26
13.26
9.72
13.84
8.67
12.71
14.77
10.69
10.03
18.03
13.24
14.85
15.63
15.83
16.45
13.71
12.03
9.57
14.95
10.09
15.90
13.68
6.91
19.50
14.11
16.20
10.19
10.92
14.74
17.48
10.33
17.58
15.64
9.63
8.58
16.55
13.91
12.22
17.65
9.20
7.46
17.55
12.16
13.11
10.82
16.12
13.40
15.11
11.75
14.68
11.42
14.34
15.86
16.66
10.08
16.14
8.33
18.40
10.96
9.41
13.46
10.09
14.59
16.26
8.82
9.42
13.22
13.22
14.20
10.72
12.78
11.20
15.34
8.56
14.68
10.39
10.88
11.18
17.55
16.63
16.63
19.20
11.53
13.50
15.97
12.18
14.37
10.78
9.38
8.48
8.48
10.16
18.24
15.86
14.98
10.97
15.64
9.94
15.28
9.02
15.47
14.40
18.18
9.94
11.62
15.20
8.82
14.03
10.09
10.09
11.08
14.40
10.19
12.89
14.63
9.72
10.97
13.89
13.66
11.33
14.79
17.83
12.35
17.58
17.59
14.56
13.03
13.03
19.50
13.45
10.34
19.50
12.15
14.74
14.37
13.54
9.67
11.20
12.99
12.84
13.02
16.20
12.80
9.07
10.23
12.25
16.07
15.20
15.83
18.24
18.24
18.24
10.38
13.34
15.34
12.22
15.35
13.12
13.12
13.12
13.12
9.12
17.59
17.59
18.00
16.39
15.69
14.35
18.24
9.86
13.77
7.98
16.16
8.82
14.03
12.77
14.64
17.58
8.09
10.13
16.30
9.68
14.25
8.38
14.63
14.74
17.36
16.90
14.35
14.35
13.42
15.45
15.45
13.95
15.57
14.59
8.84
13.70
16.84
9.20
15.20
14.51
14.22
16.73
13.08
16.59
13.71
13.43
13.74
10.82
10.82
15.08
16.16
16.16
19.20
15.94
13.47
11.55
17.94
9.12
8.68
14.26
9.40
13.68
11.38
14.66
10.97
13.60
13.34
9.39
8.77
8.33
10.68
10.28
12.39
9.05
9.05
9.14
9.75
9.52
14.99
16.20
13.48
9.11
18.49
13.93
9.25
9.86
10.04
9.85
11.06
10.14
10.49
10.44
10.44
12.92
12.92
12.79
12.57
12.10
10.65
16.05
8.88
12.87
11.98
11.98
8.46
11.50
9.97
9.41
13.69
18.09
18.49
13.44
14.23
13.68
13.24
8.04
8.30
8.81
11.62
17.14
10.88
10.22
10.31
16.86
8.48
13.30
11.91
11.60
10.22
12.69
8.28
16.99
12.70
12.70
13.55
10.90
8.38
8.32
18.54
12.74
14.72
10.34
8.98
16.99
10.77
8.13
9.55
13.22
13.22
12.06
11.71
9.76
9.00
9.38
14.11
10.06
9.40
9.61
13.95
14.54
9.73
11.50
12.80
10.92
8.77
8.33
10.68
10.28
12.39
9.05
9.05
9.14
9.75
9.52
14.99
16.20
13.48
9.11
18.49
13.93
9.25
9.86
10.04
9.85
11.06
10.14
10.49
10.44
10.44
12.92
12.92
12.79
12.57
12.10
10.65
16.05
8.88
12.87
11.98
11.98
8.46
11.50
9.97
9.41
13.69
18.09
18.49
13.44
14.23
13.68
13.24
8.04
8.30
8.81
11.62
17.14
10.88
10.22
10.31
16.86
8.48
13.30
11.91
11.60
10.22
12.69
8.28
16.99
12.70
12.70
13.55
10.90
8.38
8.32
18.54
12.74
14.72
10.34
8.98
16.99
10.77
8.13
9.55
13.22
13.22
12.06
11.71
9.76
9.00
9.38
14.11
10.06
9.40
9.61
13.95
14.54
9.73
11.50
12.80
10.92
